[1385367547.89]	4.0	48366.127486	[ 0.0666467   0.14438666]	0.149223118263	9.74710710545
[1385367698.29]	4.0	6.16335408838e-16	[ 0.00780414  0.07706789]	0.0600135827643	9.93999636455
[1385367847.91]	4.0	6.06092172339e-15	[ 0.07042262  0.01978164]	0.063784044248	9.94649341448
[1385367996.32]	3.95	-2.30627429495e-15	[ 0.03971305  0.0106259 ]	0.0355950123193	9.98309963911
[1385368144.9]	3.9	7.46028366276e-16	[ 0.00515032 -0.14777509]	-0.10085093943	9.7813599826
[1385368292.88]	3.85	-3.34632095761e-15	[ 0.03794902 -0.07491066]	-0.0261358229769	9.92948264987
[1385368441.47]	3.8	4.59526781135e-15	[ 0.05433592 -0.10399644]	-0.0351152927614	9.86232348819
[1385368589.64]	3.75	2.19371723253e-15	[ 0.00896547  0.04689674]	0.0395005446422	9.97720316537
[1385368737.65]	3.7	-2.17060602711e-15	[ -2.90847131e-02  -2.96488880e-05]	-0.0205869628222	9.99154078582
[1385368886.38]	3.65	8.23978901135e-15	[ 0.04011409 -0.06544853]	-0.0179141479529	9.94107349945
[1385369035.11]	3.6	4.45854066982e-16	[ 0.04150945 -0.00543433]	0.0255089576199	9.98247433871
[1385369186.92]	3.55	-7.54664418339e-16	[-0.05960501  0.00225191]	-0.0405547703058	9.96442171486
[1385369335.45]	3.5	1.79876873512e-15	[ 0.04503964 -0.05084202]	-0.0041028991875	9.95386519392
[1385369483.84]	3.45	-1.61371825649e-15	[ 0.04633512 -0.04980747]	-0.00245531565506	9.95372272599
[1385369632.45]	3.4	-5.70595652583e-15	[-0.04639193 -0.10013225]	-0.103608238639	9.87821321918
[1385369780.72]	3.35	-6.10146714492e-15	[-0.08198461 -0.02596741]	-0.0763336068552	9.92604216895
[1385369929.09]	3.3	-6.91068527787e-15	[ 0.01842205 -0.08093835]	-0.0442056978463	9.93109611291
[1385370077.53]	3.25	-7.36630902905e-15	[ 0.07202135 -0.02163346]	0.0356296190719	9.94344917816
[1385370226.25]	3.2	-5.77750545583e-15	[ 0.14619814 -0.13867663]	0.00531851035065	9.59394896627
[1385370376.83]	3.15	-6.75714822728e-15	[ 0.10767459 -0.00488795]	0.0726811317698	9.88382289993
[1385370525.19]	3.1	-1.15553663849e-14	[-0.08644925 -0.04323276]	-0.0916990264166	9.90657456122
[1385370673.74]	3.05	-9.43995810972e-15	[-0.0772154  -0.12947432]	-0.146151700091	9.77274183073
[1385370822.02]	3.0	-3.93075386396e-15	[-0.1906338   0.00660433]	-0.130128486557	9.63615135513
[1385370970.65]	2.95	7.36924824024e-15	[-0.10055186  0.0614559 ]	-0.0276450139531	9.86112496266
[1385371119.77]	2.9	-3.0730395752e-15	[ 0.04907993  0.03914264]	0.0623827779641	9.96059014206
[1385371268.13]	2.85	-7.97846439965e-15	[ 0.0288252  -0.01854343]	0.00727030586417	9.98825249213
[1385371416.3]	2.8	-1.00946126041e-14	[ 0.01691042 -0.018805  ]	-0.00133967207912	9.99360409511
[1385371568.97]	2.75	-1.03381623348e-14	[ 0.02761358  0.00265707]	0.0214045838836	9.99230430195
[1385371717.4]	2.7	-6.07705519517e-15	[ 0.07812203  0.04588933]	0.0876892734053	9.91791117818
[1385371865.85]	2.65	-8.82318528525e-15	[ 0.03252854  0.06329879]	0.0677601540129	9.94935157508
[1385372014.85]	2.6	-9.12842140857e-15	[ 0.0075822  -0.02196694]	-0.0101715500078	9.9945996386
[1385372163.16]	2.55	-1.28526539667e-14	[ 0.07614335  0.03245983]	0.0767940445186	9.93148549518
[1385372311.51]	2.5	-5.24973933169e-15	[-0.05319446 -0.05013613]	-0.0730657633868	9.94656717523
[1385372459.93]	2.45	-7.39809044766e-15	[-0.04128201  0.11508774]	0.0521885304081	9.85050607952
[1385372608.15]	2.4	-9.77542865183e-15	[-0.04773502 -0.00161047]	-0.0348925290664	9.97718774167
[1385372756.5]	2.35	-1.47122106525e-14	[ 0.00574007 -0.0393352 ]	-0.0237553409744	9.98419793651
[1385372904.97]	2.3	-5.75278165523e-15	[ 0.03974993  0.12126776]	0.113856706827	9.83714072084
[1385373053.48]	2.25	-1.13949163163e-14	[ 0.1065312   0.06859379]	0.123832069901	9.8394599465
[1385373202.99]	2.2	-1.12041666509e-14	[ 0.15131861  0.17080772]	0.227777712928	9.47927400958
[1385373351.38]	2.15	-1.24636590071e-14	[ 0.00144958  0.03293828]	0.0243158942897	9.98912968163
[1385373500.15]	2.1	-1.32653951481e-14	[ 0.07325653  0.01244495]	0.060600095395	9.94478604536
[1385373650.32]	2.05	-8.24741520644e-15	[ 0.02856671 -0.00208314]	0.018726706806	9.99179603753
[1385373798.65]	2.0	-1.28648878117e-14	[ 0.02440934 -0.01607881]	0.00589057351118	9.99145656186
[1385373947.22]	1.95	-1.5087303758e-14	[ 0.03135557  0.02146407]	0.0373491301536	9.98556121626
[1385374095.57]	1.9	-1.30657181852e-14	[-0.03774497  0.15724468]	0.0844990572355	9.73849428582
[1385374244.38]	1.85	-1.03054224878e-14	[ 0.04019445  0.01622824]	0.0398968719144	9.98121050054
[1385374393.48]	1.8	-1.33957009427e-14	[-0.0088632   0.12564695]	0.082578580048	9.84134287579
[1385374543.33]	1.75	-1.14305875514e-14	[-0.09793041  0.21066601]	0.0797161030088	9.46029467322
[1385374693.24]	1.7	-1.28795671298e-14	[-0.035553    0.12620544]	0.0641009543423	9.82808170279
[1385374842.34]	1.65	-1.90939991538e-14	[ 0.01087399  0.11246195]	0.0872116802366	9.87234066812
[1385374992.18]	1.6	-1.6112160704e-14	[ 0.02485993  0.05986359]	0.0599085764384	9.95798334295
[1385375141.12]	1.55	-1.59807235581e-14	[-0.00028567  0.09986155]	0.0704107806631	9.90027589515
[1385375289.76]	1.5	-2.01306932434e-14	[-0.05680584  0.09615964]	0.0278273376896	9.87526420215
[1385375438.54]	1.5	-1.55259081136e-14	[ 0.02562277  0.0290808 ]	0.0386812663011	9.98497780622
[1385375589.59]	1.49	-1.37970579144e-14	[ 0.06395367  0.07031682]	0.0949435782089	9.90965472106
[1385375738.69]	1.48	-1.08699088171e-14	[ 0.10998717  0.02678446]	0.0967121431527	9.87185415538
[1385375887.48]	1.47	-1.8093948179e-14	[ 0.08466304 -0.04619341]	0.0272021412167	9.90698338176
[1385376035.98]	1.46	-1.24583324641e-14	[-0.0284874  -0.02201699]	-0.0357119963939	9.98703720254
[1385376184.63]	1.45	-2.07094319738e-14	[-0.03904735 -0.03577755]	-0.0529091943356	9.9719527138
[1385376333.37]	1.44	-1.86853629724e-14	[ 0.03466268 -0.06081398]	-0.0184917608973	9.95100158827
[1385376482.12]	1.43	-1.4630159484e-14	[ 0.10181633  0.07993411]	0.128516964454	9.83243974046
[1385376631.36]	1.42	-1.79122303798e-14	[ 0.07802587  0.05398709]	0.0933472586968	9.90997357725
[1385376780.13]	1.41	-1.76443475896e-14	[ 0.08083555 -0.03170408]	0.034741201314	9.92460464949
[1385376929.52]	1.4	-1.48871374063e-14	[ 0.01614387 -0.05928175]	-0.0305030855493	9.96225049512
[1385377079.03]	1.39	-1.3806375128e-14	[ 0.0099357  -0.10664344]	-0.0683826940609	9.88528459193
[1385377227.9]	1.38	-1.57236300291e-14	[ 0.10256719 -0.07483065]	0.0196126955558	9.8388034455
[1385377377.12]	1.37	-1.61857299829e-14	[-0.01783567 -0.01439426]	-0.022790002924	9.99474694087
[1385377527.58]	1.36	-1.72051290901e-14	[ 0.07686294 -0.01322593]	0.0449981595338	9.93917163637
[1385377676.21]	1.35	-1.49503734666e-14	[ 0.02549825  0.06439638]	0.06356510419	9.95202945145
[1385377825.13]	1.34	-1.36030509464e-14	[ 0.04479589  0.06772302]	0.0795628820852	9.93406921142
[1385377973.9]	1.33	-1.85861634032e-14	[ 0.03229342  0.02807308]	0.0426855631211	9.98169037079
[1385378122.9]	1.32	-1.68499367492e-14	[ 0.07254941  0.00167735]	0.052486241253	9.94733770322
[1385378271.65]	1.31	-1.56419108514e-14	[ 0.06434121 -0.00815214]	0.0397316746424	9.95793751098
[1385378420.89]	1.3	-1.47831667246e-14	[ 0.05017187  0.05377809]	0.0735037240613	9.94590700115
[1385378569.56]	1.29	-1.78976613787e-14	[ 0.01563063 -0.00301819]	0.00891834581668	9.99746573892
[1385378718.61]	1.28	-2.19413507816e-14	[-0.01864102 -0.08786566]	-0.0753116002852	9.91932137558
[1385378867.37]	1.27	-1.77946714413e-14	[ 0.06501675 -0.05735195]	0.00541982945813	9.92483575773
[1385379016.6]	1.26	-1.69689215414e-14	[ 0.00855016  0.00667679]	0.0107670790115	9.99882315239
[1385379165.43]	1.25	-1.57244744319e-14	[-0.060951   -0.01837302]	-0.0560905475022	9.95947408285
[1385379314.22]	1.24	-1.53309107841e-14	[-0.06347188 -0.03354879]	-0.0686039740362	9.94845799224
[1385379462.98]	1.23	-1.54082606257e-14	[-0.02611612 -0.02229547]	-0.0342321644758	9.9882086024
[1385379612.4]	1.22	-1.66891083729e-14	[ 0.03692571  0.02086942]	0.040867333128	9.98200958809
[1385379761.08]	1.21	-1.82038751626e-14	[-0.01113046  0.00342173]	-0.00545089559579	9.99864404683
[1385379909.84]	1.2	-1.88912425745e-14	[ 0.06252286  0.09042045]	0.108147255191	9.87915033302
[1385380058.97]	1.19	-1.91498772647e-14	[ 0.08671967  0.04684363]	0.0944435171215	9.90285372738
[1385380214.09]	1.18	-1.81955470272e-14	[ 0.13352417  0.03247889]	0.117381890857	9.81116417958
[1385380369.62]	1.17	-1.88250522275e-14	[ 0.0664451   0.00290796]	0.0490400165949	9.95576592377
[1385380528.2]	1.16	-1.68810389082e-14	[-0.01258616  0.07371097]	0.0432217677879	9.94408282143
[1385380682.4]	1.15	-1.75140882059e-14	[ 0.03725474  0.12141051]	0.112193271656	9.83871573049
[1385380831.59]	1.14	-1.97591407835e-14	[-0.01188894  0.10445095]	0.0654512244847	9.88948651648
[1385380981.08]	1.13	-2.04015003661e-14	[ 0.01740862  0.01220345]	0.0209388942812	9.99548015777
[1385381132.43]	1.12	-1.96492200145e-14	[ 0.05335261  0.05118759]	0.0739210824022	9.94533329907
[1385381281.81]	1.11	-2.17293327524e-14	[-0.03888111  0.07560207]	0.0259656334797	9.9277258653
[1385381431.76]	1.1	-1.79777474029e-14	[ 0.07036401  0.03694894]	0.0758817100502	9.93683682621
[1385381583.21]	1.09	-1.97866119664e-14	[ 0.05548444 -0.03122401]	0.0171547166822	9.95946538253
[1385381732.35]	1.08	-1.83090837529e-14	[ 0.12302669 -0.06844957]	0.0385918478277	9.80179089389
[1385381881.69]	1.07	-1.99016688244e-14	[ 0.03787363  0.0048889 ]	0.0302376715321	9.98541687162
[1385382030.8]	1.06	-2.08033415497e-14	[ 0.01523238  0.07250865]	0.0620422790326	9.94510469974
[1385382179.96]	1.05	-1.82322561946e-14	[-0.04215295  0.07513942]	0.0233249575712	9.92577195822
[1385382329.35]	1.04	-2.03456907896e-14	[ 0.03171394 -0.03998372]	-0.00584761800751	9.97395528715
[1385382478.63]	1.03	-2.19031952228e-14	[ 0.08301764  0.06073006]	0.101644977156	9.89419930437
[1385382627.72]	1.02	-1.80748317038e-14	[-0.00792527 -0.02634823]	-0.0242350176703	9.99242961202
[1385382778.94]	1.01	-1.86065713317e-14	[ 0.08437284 -0.07501015]	0.0066204206115	9.87254702443
[1385382931.08]	1.0	-1.6610382058e-14	[ 0.00040251  0.00038451]	0.000556501146472	9.99999690144
[1385383080.71]	0.99	-2.17423820046e-14	[ 0.01341862  0.04794256]	0.0433889038095	9.97521451736
[1385383231.16]	0.98	-2.11044420353e-14	[-0.03532666  0.05636368]	0.014875422128	9.95575162306
[1385383381.49]	0.97	-2.05377201406e-14	[-0.01515485 -0.0006228 ]	-0.0111564880442	9.99769942564
[1385383531.77]	0.96	-2.01415543415e-14	[-0.07171281 -0.03258887]	-0.0737524251287	9.93795238696
[1385383683.96]	0.95	-2.31281157014e-14	[-0.0696482  0.0023147]	-0.0476119761798	9.9514376988
[1385383833.44]	0.94	-1.83395971604e-14	[ 0.01217843  0.00027816]	0.00880813889974	9.9985160838
[1385383982.58]	0.93	-2.32039706867e-14	[ 0.0107895  -0.01991126]	-0.00645006146078	9.99487128413
[1385384131.88]	0.92	-1.99234710362e-14	[ 0.01576029 -0.03381299]	-0.0127651835324	9.98608295085
[1385384281.39]	0.91	-1.93690810316e-14	[ 0.05737007 -0.01337631]	0.0311082857485	9.96529749856
[1385384431.8]	0.9	-2.06809988372e-14	[ 0.08759302  0.07490982]	0.114906862459	9.86715981164
[1385384581.32]	0.89	-2.29608740976e-14	[ 0.07036824  0.06664399]	0.0968822779089	9.90606889177
[1385384731.52]	0.88	-2.39006431713e-14	[-0.03104657  0.07548807]	0.0314248843061	9.93337662601
[1385384881.19]	0.87	-2.18722492383e-14	[ 0.00591456  0.0193575 ]	0.01787004299	9.99590305197
[1385385032.17]	0.86	-2.46752996195e-14	[ 0.00060377  0.045402  ]	0.0325309886469	9.97938294157
[1385385181.76]	0.85	-2.00228768988e-14	[-0.02277669  0.07652357]	0.0380047835569	9.93625365836
[1385385330.98]	0.84	-2.15326561255e-14	[ 0.00312451 -0.01081925]	-0.00544099991665	9.99873181302
[1385385480.28]	0.83	-2.03209277673e-14	[-0.01595039  0.09021512]	0.0525130923584	9.91606816928
[1385385629.27]	0.82	-2.37459706502e-14	[-0.07937068 -0.00592584]	-0.0603137453199	9.93665179782
[1385385778.43]	0.81	-2.23355846003e-14	[-0.0697608  -0.01954514]	-0.0631488354656	9.94751418486
[1385385927.42]	0.8	-2.30247610704e-14	[-0.05282705 -0.05757962]	-0.0780693068591	9.93893889837
[1385386076.68]	0.79	-2.18097247784e-14	[-0.055011  -0.0620301]	-0.0827605547366	9.93126056702
[1385386227.58]	0.78	-2.18332265076e-14	[-0.0665788  -0.00238018]	-0.0487613609304	9.95561598065
[1385386377.26]	0.77	-2.35126125817e-14	[-0.07648793 -0.02857522]	-0.0742908667861	9.93333052923
[1385386527.17]	0.76	-2.07439795836e-14	[ 0.07990252 -0.10912483]	-0.0206632937631	9.81707360377
[1385386676.74]	0.75	-2.23222992516e-14	[ 0.03291676 -0.05600778]	-0.0163278177249	9.95779616216
[1385386826.35]	0.74	-2.19972681875e-14	[-0.02547269 -0.0798612 ]	-0.0744823096223	9.92973330898
[1385386975.3]	0.73	-2.1869585728e-14	[-0.09990877 -0.05465751]	-0.109294868301	9.87030793369
[1385387128.74]	0.72	-2.35041284719e-14	[-0.06634456 -0.08772801]	-0.108945762318	9.87902195
[1385387279.49]	0.71	-2.18588640883e-14	[-0.0317916  -0.09651034]	-0.0907231704552	9.89675048984
[1385387430.24]	0.7	-2.02713578913e-14	[-0.10926438 -0.07880235]	-0.132983259086	9.81851485301
[1385387582.88]	0.69	-2.16551307413e-14	[ 0.01357677 -0.11753016]	-0.0735061526847	9.8600233189
[1385387732.83]	0.68	-2.5039960588e-14	[-0.08146458 -0.04352654]	-0.0883820707118	9.91468962333
[1385387882.88]	0.67	-2.32998261014e-14	[-0.09064912 -0.03297098]	-0.0874126097985	9.90695651747
[1385388032.68]	0.66	-2.39359510204e-14	[-0.00562923 -0.07491353]	-0.0569523342972	9.9435627482
[1385388182.57]	0.65	-2.38317512663e-14	[-0.0847977  -0.07442532]	-0.112587673188	9.87270222678
[1385388333.21]	0.64	-2.38176336132e-14	[-0.14587029 -0.02469281]	-0.120606320134	9.78112124634
[1385388482.85]	0.63	-2.41061386044e-14	[-0.09217093 -0.10464229]	-0.139167960978	9.80554511158
[1385388634.37]	0.62	-2.43955149344e-14	[-0.12231368 -0.07749751]	-0.141287848085	9.79033499168
[1385388783.7]	0.61	-2.53372317913e-14	[-0.08380018 -0.11401263]	-0.139874774676	9.79978651241
[1385388933.54]	0.6	-2.2245776111e-14	[-0.0130938  -0.05567086]	-0.0486239604187	9.96729307262
[1385389082.98]	0.59	-2.53806702873e-14	[-0.05113288 -0.04064919]	-0.0648997184397	9.95733072673
[1385389232.95]	0.58	-2.35928831828e-14	[-0.02031844 -0.08062274]	-0.0713761900018	9.93087135033
[1385389383.36]	0.57	-2.5348006124e-14	[-0.03318164  0.01036266]	-0.0161354545938	9.98791594092
[1385389533.7]	0.56	-2.55111509654e-14	[ 0.00244718  0.0369039 ]	0.0278254116122	9.98632113628
[1385389687.02]	0.55	-2.60630645546e-14	[ 0.02785543 -0.00423793]	0.0167000955718	9.99206114863
[1385389837.09]	0.54	-2.4377883214e-14	[ 0.01871359 -0.00987239]	0.00625166859632	9.99552337546
[1385389987.24]	0.53	-2.68139721315e-14	[-0.04380528  0.0203102 ]	-0.0166135275675	9.97668593215
[1385390137.89]	0.52	-2.57660404231e-14	[ 0.01093082 -0.00828991]	0.00186739936431	9.99811794572
[1385390288.58]	0.51	-2.54888650869e-14	[-0.06632232  0.03068243]	-0.025201203125	9.94659938393
[1385390438.77]	0.5	-2.71731894494e-14	[-0.06222903 -0.04474782]	-0.0756440551811	9.94125180504
[1385390589.48]	0.49	-2.56883709963e-14	[-0.0353291  -0.12811257]	-0.115570717145	9.82339022881
[1385390745.7]	0.48	-2.73102055535e-14	[-0.12342421 -0.07416125]	-0.139714014078	9.79266574523
[1385390896.09]	0.47	-2.56553043544e-14	[-0.0952772 -0.0560259]	-0.106987448373	9.87783353972
[1385391050.3]	0.46	-2.78394752747e-14	[-0.04005596 -0.10251661]	-0.100814036138	9.87885863678
[1385391201.48]	0.45	-2.71131743517e-14	[-0.07151361 -0.03531093]	-0.0755363558152	9.93638942121
[1385391353.95]	0.44	-2.72151034716e-14	[-0.06051174 -0.03264859]	-0.0658743008127	9.95272398719
[1385391511.78]	0.43	-2.99730194755e-14	[-0.02129258 -0.09685063]	-0.0835398683977	9.90166581244
[1385391670.47]	0.42	-2.6314314907e-14	[-0.05625967 -0.09798024]	-0.109064082641	9.87234722891
[1385391822.82]	0.41	-2.86305500984e-14	[-0.09732708 -0.10523922]	-0.143236010825	9.79452144217
[1385391976.02]	0.4	-2.86757668932e-14	[-0.07293895 -0.06877357]	-0.100205888396	9.89950104723
[1385392127.0]	0.39	-3.07280116489e-14	[-0.05100371 -0.05696726]	-0.0763469996697	9.94153353691
[1385392278.18]	0.38	-2.70145672707e-14	[-0.11701874 -0.06199238]	-0.126579978097	9.8246355904
[1385392430.09]	0.37	-2.83291181581e-14	[-0.08420454 -0.04085642]	-0.0884314536763	9.91240348091
[1385392581.42]	0.36	-2.79094574039e-14	[-0.08728516 -0.17505247]	-0.185500717585	9.61737933179
[1385392732.76]	0.35	-2.84161804157e-14	[-0.09078726 -0.11951817]	-0.148708400369	9.77473079133
[1385392884.51]	0.34	-3.12466298069e-14	[-0.03340538 -0.090747  ]	-0.0877889910125	9.90649062347
[1385393036.26]	0.33	-3.04057512399e-14	[-0.10539606 -0.09072517]	-0.138678648675	9.8066061485
[1385393188.31]	0.32	-3.05640498441e-14	[-0.105342   -0.13221121]	-0.167975486549	9.71423258507
[1385393340.5]	0.31	-2.89801014904e-14	[-0.06836073 -0.07473272]	-0.101182345862	9.89741831751
[1385393493.53]	0.3	-3.25090181197e-14	[-0.08685588 -0.08649273]	-0.122575978109	9.8497506365
[1385393646.76]	0.29	-2.99932811536e-14	[-0.08235011 -0.05095008]	-0.0942574662567	9.90622548984
[1385393799.54]	0.28	-3.38696682196e-14	[-0.02177098 -0.04489357]	-0.0471389541846	9.97510591812
[1385393952.68]	0.27	-3.22357645703e-14	[-0.07728868 -0.03060336]	-0.0762911876256	9.93089895092
[1385394106.03]	0.26	-3.23603837279e-14	[-0.06432643  0.00824294]	-0.0396570109411	9.95794164719
[1385394259.84]	0.25	-3.32574949212e-14	[-0.03814414 -0.02831544]	-0.0469940198216	9.97743260367
[1385394414.32]	0.24	-3.50618224922e-14	[-0.02575946  0.02808943]	0.00164753236391	9.98547434081
[1385394568.92]	0.23	-3.61112502045e-14	[ 0.01514754 -0.02801708]	-0.00910014220364	9.98985595123
[1385394724.79]	0.22	-3.43669782896e-14	[-0.00588228 -0.01230217]	-0.0128583443935	9.99814055487
[1385394880.34]	0.21	-3.63481874034e-14	[ 0.01538727 -0.03967113]	-0.0171712844843	9.98189433554
[1385395036.25]	0.2	-3.76340752204e-14	[-0.02199414  0.00165328]	-0.0143831571054	9.99513524439
[1385395193.24]	0.19	-3.68131175995e-14	[-0.01677812 -0.00289116]	-0.0139082844694	9.99710135841
[1385395351.57]	0.18	-4.03889045195e-14	[-0.01567481 -0.01838213]	-0.0240818912274	9.99416397716
[1385395510.78]	0.17	-4.25343469163e-14	[-0.04615535  0.01185163]	-0.0242563955945	9.97729222096
[1385395673.02]	0.16	-4.22559479421e-14	[-0.06183322  0.00312311]	-0.0415143124391	9.96166899542
[1385395836.47]	0.15	-4.57476880858e-14	[-0.05040872 -0.01477516]	-0.0460919667117	9.97240655213
[1385396002.75]	0.14	-4.52328918867e-14	[-0.03308868 -0.02170045]	-0.0387417654979	9.98434229815
[1385396169.7]	0.13	-4.80534189114e-14	[-0.0438669  -0.02195871]	-0.0465457335806	9.97593510451
[1385396336.79]	0.12	-4.7885820675e-14	[-0.02692362 -0.03291376]	-0.0423114167883	9.98191803097
[1385396504.75]	0.11	-4.93219487743e-14	[-0.0450597  -0.01940563]	-0.0455838754652	9.97593044528
[1385396673.33]	0.1	-4.98406997132e-14	[-0.02402181 -0.03587257]	-0.0423517164735	9.98136111841
[1385396842.36]	0.09	-4.96367844966e-14	[-0.03518435 -0.02260968]	-0.0408665518112	9.98250863864
[1385397011.34]	0.08	-5.09495672448e-14	[-0.04174191 -0.01704407]	-0.0415679664127	9.97967112336
[1385397180.49]	0.07	-5.14779309913e-14	[-0.04522593 -0.01714565]	-0.0441033698813	9.97660641607
[1385397349.6]	0.06	-5.20735962013e-14	[-0.03502319 -0.02414663]	-0.0418393835262	9.98190316143
[1385397518.96]	0.05	-5.26023803923e-14	[-0.03811623 -0.02369505]	-0.0437071735111	9.979856977
[1385397688.44]	0.04	-5.33124965931e-14	[-0.04223334 -0.01751824]	-0.0422507504539	9.97909456027
[1385397858.01]	0.03	-5.39113057616e-14	[-0.03879722 -0.0202728 ]	-0.0417688108249	9.98083789326
[1385398027.88]	0.02	-5.42800905544e-14	[-0.03673555 -0.02343858]	-0.0425495361835	9.98101132271
[1385398198.12]	0.01	-5.48748167943e-14	[-0.03832379 -0.02148486]	-0.042291104296	9.98069687768
